time	V(n003)
0.000000000000000e+000	2.622715e-009
9.882747444045882e-010	2.622715e-009
1.011699238144931e-009	2.622715e-009
1.058548225625617e-009	2.622715e-009
1.106985643554254e-007	2.622664e-009
2.203385804852251e-007	2.622829e-009
3.299785966150249e-007	2.623213e-009
4.396186127448247e-007	2.623814e-009
5.492586288746245e-007	2.624633e-009
6.588986450044242e-007	2.625669e-009
7.685386611342237e-007	2.626922e-009
1.536112472017783e-006	2.650883e-009
2.389796183763296e-006	2.725003e-009
3.183457700579004e-006	2.878952e-009
3.912463852168227e-006	3.155822e-009
4.602169356133303e-006	3.634770e-009
5.271771393368973e-006	4.457398e-009
5.976009646248846e-006	6.001470e-009
6.635155153724422e-006	8.541981e-009
7.309105403182256e-006	1.308221e-008
7.956326063126526e-006	2.063136e-008
8.613468799545040e-006	3.386921e-008
9.255982563749935e-006	5.612374e-008
9.905374858766611e-006	9.477487e-008
1.054662251700688e-005	1.602240e-007
1.119243981846514e-005	2.732571e-007
1.183369193946069e-005	4.655134e-007
1.247801772139438e-005	7.964395e-007
1.311996050871994e-005	1.360839e-006
1.376429042767487e-005	2.330411e-006
1.440801408614385e-005	3.986881e-006
1.505456733887592e-005	6.829539e-006
1.570308315788934e-005	1.169250e-005
1.635727580693367e-005	2.003703e-005
1.701936457426260e-005	3.433877e-005
1.769625797728948e-005	5.893215e-005
1.839699815803660e-005	1.013229e-004
1.913850239086921e-005	1.749859e-004
1.993763489704783e-005	3.028509e-004
2.000000000000000e-005	3.153344e-004
2.027160057311277e-005	3.752563e-004
2.063373467059646e-005	4.684300e-004
2.129361083061387e-005	6.841752e-004
2.261336315064869e-005	1.324541e-003
2.416169628947863e-005	2.480085e-003
2.651086591989958e-005	5.156191e-003
2.925309507060035e-005	9.726725e-003
3.338437858400334e-005	1.944537e-002
3.964111157583812e-005	3.994345e-002
4.874162872453943e-005	7.980733e-002
5.908333192490197e-005	1.358259e-001
7.290477037238904e-005	2.222320e-001
9.032491761610135e-005	3.422131e-001
1.073247727437515e-004	4.656594e-001
1.319032339752188e-004	6.488532e-001
1.602528359470287e-004	8.629295e-001
2.097990706486936e-004	1.238559e+000
2.668554748822917e-004	1.671024e+000
3.645117248822917e-004	2.409045e+000
4.621679748822916e-004	3.143509e+000
5.598242248822916e-004	3.873332e+000
6.574804748822916e-004	4.463373e+000
7.551367248822916e-004	4.602084e+000
8.527929748822915e-004	4.662708e+000
1.145761724882292e-003	4.763674e+000
1.341074224882292e-003	4.809132e+000
1.634042974882292e-003	4.864296e+000
1.927011724882292e-003	4.909627e+000
2.219980474882293e-003	4.947796e+000
2.512949224882293e-003	4.979970e+000
2.805917974882293e-003	5.006655e+000
3.098886724882293e-003	5.028117e+000
3.391855474882294e-003	5.044448e+000
3.684824224882294e-003	5.055719e+000
3.880136724882294e-003	5.060434e+000
3.977792974882294e-003	5.061960e+000
4.075449224882293e-003	5.062959e+000
4.173105474882293e-003	5.063452e+000
4.270761724882293e-003	5.063594e+000
4.368417974882292e-003	5.063586e+000
4.447689532531577e-003	5.063576e+000
4.524956451063512e-003	5.063558e+000
4.622612701063512e-003	5.063545e+000
4.915581451063511e-003	5.063488e+000
5.208550201063510e-003	5.063440e+000
5.501518951063509e-003	5.063384e+000
5.794487701063508e-003	5.063336e+000
6.087456451063507e-003	5.063279e+000
6.380425201063506e-003	5.063231e+000
6.673393951063505e-003	5.063175e+000
6.966362701063504e-003	5.063127e+000
7.259331451063503e-003	5.063070e+000
7.552300201063501e-003	5.063022e+000
7.845268951063501e-003	5.062966e+000
8.138237701063500e-003	5.062918e+000
8.333550201063500e-003	5.062883e+000
8.626518951063499e-003	5.062826e+000
8.919487701063497e-003	5.062778e+000
9.212456451063496e-003	5.062722e+000
9.505425201063495e-003	5.062674e+000
9.798393951063494e-003	5.062617e+000
1.009136270106349e-002	5.062570e+000
1.038433145106349e-002	5.062513e+000
1.067730020106349e-002	5.062465e+000
1.097026895106349e-002	5.062408e+000
1.126323770106349e-002	5.062361e+000
1.155620645106349e-002	5.062304e+000
1.175151895106349e-002	5.062270e+000
1.184917520106349e-002	5.062256e+000
1.194683145106349e-002	5.062235e+000
1.204448770106349e-002	5.062222e+000
1.208189483147328e-002	5.062211e+000
1.210295316378136e-002	5.062212e+000
1.211281980748423e-002	5.062206e+000
1.211903569538718e-002	5.062209e+000
1.212448051581738e-002	5.062205e+000
1.213048691346709e-002	5.062210e+000
1.213596357485527e-002	5.062207e+000
1.214194974142214e-002	5.062216e+000
1.214865337011536e-002	5.062222e+000
1.215766619009316e-002	5.062251e+000
1.217869447989799e-002	5.062381e+000
1.218943711140010e-002	5.062481e+000
1.220472638207545e-002	5.062668e+000
1.223140586048209e-002	5.063035e+000
1.225601517054916e-002	5.063403e+000
1.228419531700004e-002	5.063801e+000
1.231125011924981e-002	5.064164e+000
1.235287288822143e-002	5.064641e+000
1.239567537743048e-002	5.065043e+000
1.246851130828428e-002	5.065498e+000
1.252156147596800e-002	5.065677e+000
1.255750164960619e-002	5.065730e+000
1.259018045562149e-002	5.065755e+000
1.262642520906899e-002	5.065756e+000
1.263759599750698e-002	5.065759e+000
1.264899198375104e-002	5.065753e+000
1.266141726645275e-002	5.065756e+000
1.267495177733566e-002	5.065750e+000
1.268772167744988e-002	5.065752e+000
1.270151712457010e-002	5.065745e+000
1.271662912603199e-002	5.065747e+000
1.273419067172411e-002	5.065739e+000
1.275544602963702e-002	5.065740e+000
1.278238843669982e-002	5.065731e+000
1.281501805959918e-002	5.065729e+000
1.287771979709896e-002	5.065713e+000
1.297537604709896e-002	5.065701e+000
1.326834479709895e-002	5.065644e+000
1.356131354709895e-002	5.065595e+000
1.385428229709895e-002	5.065538e+000
1.414725104709895e-002	5.065490e+000
1.434256354709895e-002	5.065455e+000
1.453787604709895e-002	5.065421e+000
1.473318854709895e-002	5.065385e+000
1.492850104709895e-002	5.065351e+000
1.502615729709895e-002	5.065329e+000
1.512381354709895e-002	5.065316e+000
1.522146979709895e-002	5.065294e+000
1.531912604709895e-002	5.065280e+000
1.541678229709895e-002	5.065259e+000
1.551443854709895e-002	5.065246e+000
1.561209479709895e-002	5.065224e+000
1.570975104709895e-002	5.065211e+000
1.580740729709895e-002	5.065189e+000
1.590506354709895e-002	5.065176e+000
1.600271979709895e-002	5.065154e+000
1.610037604709895e-002	5.065141e+000
1.619803229709895e-002	5.065119e+000
1.629568854709896e-002	5.065106e+000
1.639334479709896e-002	5.065084e+000
1.649100104709896e-002	5.065071e+000
1.658865729709896e-002	5.065049e+000
1.668631354709896e-002	5.065036e+000
1.678396979709896e-002	5.065014e+000
1.688162604709896e-002	5.065001e+000
1.697928229709897e-002	5.064979e+000
1.707693854709897e-002	5.064966e+000
1.717459479709897e-002	5.064944e+000
1.727225104709897e-002	5.064931e+000
1.736990729709897e-002	5.064909e+000
1.746756354709897e-002	5.064896e+000
1.756521979709897e-002	5.064874e+000
1.766287604709898e-002	5.064861e+000
1.776053229709898e-002	5.064839e+000
1.785818854709898e-002	5.064826e+000
1.795584479709898e-002	5.064805e+000
1.805350104709898e-002	5.064791e+000
1.815115729709898e-002	5.064769e+000
1.824881354709898e-002	5.064756e+000
1.834646979709899e-002	5.064734e+000
1.844412604709899e-002	5.064721e+000
1.863943854709899e-002	5.064686e+000
1.883475104709899e-002	5.064651e+000
1.903006354709899e-002	5.064617e+000
1.932303229709900e-002	5.064560e+000
1.961600104709900e-002	5.064512e+000
1.990896979709901e-002	5.064455e+000
2.020193854709901e-002	5.064407e+000
2.039725104709901e-002	5.064372e+000
2.049490729709902e-002	5.064350e+000
2.059256354709902e-002	5.064337e+000
2.069021979709902e-002	5.064315e+000
2.078787604709902e-002	5.064304e+000
2.088553229709902e-002	5.064286e+000
2.098318854709902e-002	5.064275e+000
2.108084479709902e-002	5.064253e+000
2.117850104709903e-002	5.064240e+000
2.127615729709903e-002	5.064218e+000
2.156912604709903e-002	5.064170e+000
2.186209479709904e-002	5.064113e+000
2.215506354709904e-002	5.064065e+000
2.244803229709904e-002	5.064009e+000
2.274100104709905e-002	5.063961e+000
2.303396979709905e-002	5.063904e+000
2.332693854709906e-002	5.063856e+000
2.361990729709906e-002	5.063799e+000
2.391287604709906e-002	5.063751e+000
2.420584479709907e-002	5.063694e+000
2.449881354709907e-002	5.063647e+000
2.479178229709908e-002	5.063590e+000
2.498709479709908e-002	5.063555e+000
2.528006354709908e-002	5.063507e+000
2.557303229709909e-002	5.063451e+000
2.586600104709909e-002	5.063403e+000
2.615896979709910e-002	5.063346e+000
2.645193854709910e-002	5.063298e+000
2.674490729709910e-002	5.063241e+000
2.703787604709911e-002	5.063193e+000
2.733084479709911e-002	5.063137e+000
2.762381354709912e-002	5.063089e+000
2.791678229709912e-002	5.063033e+000
2.820975104709913e-002	5.062984e+000
2.850271979709913e-002	5.062928e+000
2.860037604709913e-002	5.062915e+000
2.869803229709913e-002	5.062893e+000
2.876699253985558e-002	5.062885e+000
2.879841187722554e-002	5.062875e+000
2.881336899443000e-002	5.062878e+000
2.882076018396038e-002	5.062873e+000
2.882687770786741e-002	5.062877e+000
2.883367623092720e-002	5.062874e+000
2.883984454811432e-002	5.062881e+000
2.884689831203583e-002	5.062884e+000
2.885542358752474e-002	5.062905e+000
2.886745073171284e-002	5.062946e+000
2.887858536119828e-002	5.063018e+000
2.889043890927151e-002	5.063111e+000
2.890474101531862e-002	5.063261e+000
2.892787240367260e-002	5.063531e+000
2.894807730034425e-002	5.063792e+000
2.897223184516285e-002	5.064091e+000
2.899961058056345e-002	5.064418e+000
2.903549194003018e-002	5.064786e+000
2.907407762885500e-002	5.065119e+000
2.912899058547695e-002	5.065452e+000
2.918400829973190e-002	5.065650e+000
2.922065068187004e-002	5.065708e+000
2.925319526211947e-002	5.065736e+000
2.928998381616749e-002	5.065738e+000
2.929849502590864e-002	5.065742e+000
2.931163029868351e-002	5.065736e+000
2.932428325267826e-002	5.065739e+000
2.933795982901833e-002	5.065732e+000
2.935078692736697e-002	5.065734e+000
2.936465839873586e-002	5.065728e+000
2.938187041708883e-002	5.065729e+000
2.940407332595236e-002	5.065721e+000
2.943669307259898e-002	5.065719e+000
2.949203520446600e-002	5.065705e+000
2.958969145446600e-002	5.065691e+000
2.978500395446601e-002	5.065657e+000
3.007797270446601e-002	5.065600e+000
3.037094145446602e-002	5.065552e+000
3.066391020446602e-002	5.065495e+000
3.095687895446602e-002	5.065447e+000
3.115219145446603e-002	5.065412e+000
3.134750395446603e-002	5.065377e+000
3.154281645446603e-002	5.065342e+000
3.164047270446603e-002	5.065320e+000
3.173812895446603e-002	5.065307e+000
3.183578520446603e-002	5.065285e+000
3.193344145446603e-002	5.065272e+000
3.203109770446604e-002	5.065250e+000
3.212875395446604e-002	5.065237e+000
3.222641020446604e-002	5.065215e+000
3.232406645446604e-002	5.065202e+000
3.242172270446604e-002	5.065180e+000
3.251937895446604e-002	5.065167e+000
3.261703520446604e-002	5.065145e+000
3.271469145446605e-002	5.065132e+000
3.281234770446605e-002	5.065110e+000
3.291000395446605e-002	5.065097e+000
3.300766020446605e-002	5.065075e+000
3.310531645446605e-002	5.065062e+000
3.320297270446605e-002	5.065041e+000
3.330062895446605e-002	5.065027e+000
3.339828520446606e-002	5.065005e+000
3.349594145446606e-002	5.064992e+000
3.359359770446606e-002	5.064970e+000
3.369125395446606e-002	5.064957e+000
3.378891020446606e-002	5.064936e+000
3.388656645446606e-002	5.064922e+000
3.398422270446606e-002	5.064900e+000
3.408187895446607e-002	5.064888e+000
3.417953520446607e-002	5.064866e+000
3.427719145446607e-002	5.064852e+000
3.437484770446607e-002	5.064831e+000
3.447250395446607e-002	5.064817e+000
3.457016020446607e-002	5.064796e+000
3.466781645446607e-002	5.064783e+000
3.476547270446607e-002	5.064761e+000
3.486312895446608e-002	5.064747e+000
3.496078520446608e-002	5.064726e+000
3.505844145446608e-002	5.064713e+000
3.515609770446608e-002	5.064691e+000
3.535141020446608e-002	5.064656e+000
3.554672270446609e-002	5.064621e+000
3.574203520446609e-002	5.064586e+000
3.603500395446609e-002	5.064538e+000
3.632797270446610e-002	5.064481e+000
3.662094145446610e-002	5.064433e+000
3.691391020446611e-002	5.064377e+000
3.701156645446611e-002	5.064363e+000
3.710922270446611e-002	5.064342e+000
3.720687895446611e-002	5.064329e+000
3.730453520446611e-002	5.064307e+000
3.740219145446611e-002	5.064294e+000
3.749984770446611e-002	5.064277e+000
3.759750395446612e-002	5.064267e+000
3.769516020446612e-002	5.064246e+000
3.779281645446612e-002	5.064233e+000
3.789047270446612e-002	5.064211e+000
3.808578520446612e-002	5.064176e+000
3.837875395446613e-002	5.064128e+000
3.867172270446613e-002	5.064071e+000
3.896469145446613e-002	5.064023e+000
3.925766020446614e-002	5.063967e+000
3.955062895446614e-002	5.063919e+000
3.984359770446615e-002	5.063862e+000
4.013656645446615e-002	5.063814e+000
4.042953520446616e-002	5.063757e+000
4.072250395446616e-002	5.063709e+000
4.101547270446616e-002	5.063653e+000
4.130844145446617e-002	5.063605e+000
4.160141020446617e-002	5.063548e+000
4.179672270446617e-002	5.063513e+000
4.208969145446618e-002	5.063465e+000
4.238266020446618e-002	5.063409e+000
4.267562895446619e-002	5.063361e+000
4.296859770446619e-002	5.063304e+000
4.326156645446620e-002	5.063256e+000
4.355453520446620e-002	5.063200e+000
4.384750395446620e-002	5.063151e+000
4.414047270446621e-002	5.063095e+000
4.443344145446621e-002	5.063047e+000
4.472641020446622e-002	5.062991e+000
4.501937895446622e-002	5.062943e+000
4.521469145446622e-002	5.062908e+000
4.531234770446622e-002	5.062886e+000
4.541000395446623e-002	5.062873e+000
4.545282276010669e-002	5.062861e+000
4.547387140385036e-002	5.062862e+000
4.548508682638433e-002	5.062857e+000
4.549175798668238e-002	5.062860e+000
4.549791797136742e-002	5.062857e+000
4.550443857575490e-002	5.062864e+000
4.551101764513663e-002	5.062865e+000
4.551887517884116e-002	5.062881e+000
4.553017294246815e-002	5.062912e+000
4.554013417350063e-002	5.062967e+000
4.555245655292160e-002	5.063053e+000
4.556486830970585e-002	5.063174e+000
4.558339799465017e-002	5.063377e+000
4.560677336650747e-002	5.063673e+000
4.563127839467302e-002	5.063979e+000
4.565910969649487e-002	5.064319e+000
4.568909935638819e-002	5.064641e+000
4.577538416679535e-002	5.065327e+000
4.583368917665029e-002	5.065586e+000
4.587545241784155e-002	5.065675e+000
4.590796888591914e-002	5.065712e+000
4.594700898459583e-002	5.065720e+000
4.596290180683117e-002	5.065724e+000
4.597870801836094e-002	5.065719e+000
4.599446328874043e-002	5.065721e+000
4.600879479552713e-002	5.065714e+000
4.602513267358461e-002	5.065715e+000
4.604424135583494e-002	5.065708e+000
4.606969094238392e-002	5.065707e+000
4.610727034964197e-002	5.065697e+000
4.617535627962138e-002	5.065689e+000
4.627301252962138e-002	5.065667e+000
4.656598127962138e-002	5.065619e+000
4.685895002962139e-002	5.065562e+000
4.715191877962139e-002	5.065514e+000
4.744488752962139e-002	5.065457e+000
4.764020002962140e-002	5.065422e+000
4.783551252962140e-002	5.065387e+000
4.803082502962140e-002	5.065352e+000
4.812848127962140e-002	5.065339e+000
4.822613752962141e-002	5.065317e+000
4.832379377962141e-002	5.065304e+000
4.842145002962141e-002	5.065282e+000
4.851910627962141e-002	5.065269e+000
4.861676252962141e-002	5.065247e+000
4.871441877962141e-002	5.065234e+000
4.881207502962141e-002	5.065212e+000
4.890973127962141e-002	5.065199e+000
4.900738752962142e-002	5.065177e+000
4.910504377962142e-002	5.065164e+000
4.920270002962142e-002	5.065142e+000
4.930035627962142e-002	5.065129e+000
4.939801252962142e-002	5.065107e+000
4.949566877962142e-002	5.065094e+000
4.959332502962142e-002	5.065072e+000
4.969098127962143e-002	5.065059e+000
4.978863752962143e-002	5.065037e+000
4.988629377962143e-002	5.065024e+000
4.998395002962143e-002	5.065002e+000
5.008160627962143e-002	5.064989e+000
5.017926252962143e-002	5.064968e+000
5.027691877962143e-002	5.064954e+000
5.037457502962144e-002	5.064932e+000
5.047223127962144e-002	5.064919e+000
5.056988752962144e-002	5.064898e+000
5.066754377962144e-002	5.064884e+000
5.076520002962144e-002	5.064863e+000
5.086285627962144e-002	5.064849e+000
5.096051252962144e-002	5.064827e+000
5.105816877962145e-002	5.064814e+000
5.115582502962145e-002	5.064793e+000
5.125348127962145e-002	5.064779e+000
5.135113752962145e-002	5.064758e+000
5.144879377962145e-002	5.064744e+000
5.154645002962145e-002	5.064723e+000
5.164410627962145e-002	5.064710e+000
5.174176252962146e-002	5.064688e+000
5.183941877962146e-002	5.064674e+000
5.203473127962146e-002	5.064640e+000
5.223004377962146e-002	5.064605e+000
5.242535627962146e-002	5.064570e+000
5.271832502962147e-002	5.064513e+000
5.301129377962147e-002	5.064465e+000
5.330426252962148e-002	5.064408e+000
5.359723127962148e-002	5.064360e+000
5.369488752962148e-002	5.064339e+000
5.379254377962148e-002	5.064325e+000
5.389020002962149e-002	5.064304e+000
5.398785627962149e-002	5.064291e+000
5.408551252962149e-002	5.064270e+000
5.418316877962149e-002	5.064262e+000
5.428082502962149e-002	5.064244e+000
5.437848127962149e-002	5.064231e+000
5.447613752962149e-002	5.064209e+000
5.457379377962150e-002	5.064196e+000
5.486676252962150e-002	5.064140e+000
5.515973127962150e-002	5.064092e+000
5.545270002962151e-002	5.064035e+000
5.574566877962151e-002	5.063987e+000
5.603863752962152e-002	5.063931e+000
5.633160627962152e-002	5.063882e+000
5.662457502962152e-002	5.063826e+000
5.691754377962153e-002	5.063777e+000
5.721051252962153e-002	5.063721e+000
5.750348127962154e-002	5.063673e+000
5.779645002962154e-002	5.063617e+000
5.808941877962155e-002	5.063569e+000
5.828473127962155e-002	5.063533e+000
5.857770002962155e-002	5.063477e+000
5.887066877962156e-002	5.063429e+000
5.916363752962156e-002	5.063373e+000
5.945660627962156e-002	5.063324e+000
5.974957502962157e-002	5.063268e+000
6.004254377962157e-002	5.063220e+000
6.033551252962158e-002	5.063163e+000
6.062848127962158e-002	5.063115e+000
6.092145002962159e-002	5.063059e+000
6.121441877962159e-002	5.063011e+000
6.150738752962159e-002	5.062954e+000
6.180035627962160e-002	5.062906e+000
6.189801252962160e-002	5.062885e+000
6.199566877962160e-002	5.062871e+000
6.209332502962160e-002	5.062850e+000
6.212688945688747e-002	5.062848e+000
6.215002898006355e-002	5.062841e+000
6.215926627731108e-002	5.062845e+000
6.216600138774637e-002	5.062842e+000
6.217329445947743e-002	5.062850e+000
6.218001382611611e-002	5.062852e+000
6.218855876663283e-002	5.062872e+000
6.220114624564254e-002	5.062915e+000
6.221236873843367e-002	5.062988e+000
6.222427862807456e-002	5.063082e+000
6.223863109702867e-002	5.063233e+000
6.226214981442268e-002	5.063508e+000
6.228255302185980e-002	5.063772e+000
6.230688939241372e-002	5.064073e+000
6.233431364867757e-002	5.064398e+000
6.237053138964682e-002	5.064767e+000
6.240943102619673e-002	5.065099e+000
6.246500107444984e-002	5.065429e+000
6.251891742904846e-002	5.065618e+000
6.255891058048246e-002	5.065678e+000
6.259101341548395e-002	5.065702e+000
6.262653885445776e-002	5.065703e+000
6.264311136812785e-002	5.065706e+000
6.266218555882146e-002	5.065699e+000
6.267972718310239e-002	5.065700e+000
6.269891449404004e-002	5.065693e+000
6.272336336660800e-002	5.065692e+000
6.275809456834681e-002	5.065682e+000
6.281761112251658e-002	5.065676e+000
6.291526737251657e-002	5.065654e+000
6.301292362251657e-002	5.065640e+000
6.330589237251655e-002	5.065584e+000
6.359886112251653e-002	5.065536e+000
6.389182987251652e-002	5.065479e+000
6.418479862251650e-002	5.065431e+000
6.438011112251649e-002	5.065396e+000
6.457542362251648e-002	5.065361e+000
6.477073612251647e-002	5.065326e+000
6.486839237251646e-002	5.065304e+000
6.496604862251645e-002	5.065291e+000
6.506370487251645e-002	5.065269e+000
6.516136112251644e-002	5.065256e+000
6.525901737251644e-002	5.065234e+000
6.535667362251643e-002	5.065221e+000
6.545432987251643e-002	5.065199e+000
6.555198612251642e-002	5.065186e+000
6.564964237251642e-002	5.065164e+000
6.574729862251641e-002	5.065151e+000
6.584495487251640e-002	5.065129e+000
6.594261112251640e-002	5.065116e+000
6.604026737251639e-002	5.065094e+000
6.613792362251639e-002	5.065081e+000
6.623557987251638e-002	5.065060e+000
6.633323612251638e-002	5.065046e+000
6.643089237251637e-002	5.065024e+000
6.652854862251637e-002	5.065011e+000
6.662620487251636e-002	5.064990e+000
6.672386112251635e-002	5.064976e+000
6.682151737251635e-002	5.064955e+000
6.691917362251634e-002	5.064941e+000
6.701682987251634e-002	5.064919e+000
6.711448612251633e-002	5.064906e+000
6.721214237251633e-002	5.064885e+000
6.730979862251632e-002	5.064871e+000
6.740745487251632e-002	5.064850e+000
6.750511112251631e-002	5.064837e+000
6.760276737251630e-002	5.064815e+000
6.770042362251630e-002	5.064801e+000
6.779807987251629e-002	5.064780e+000
6.789573612251629e-002	5.064766e+000
6.799339237251628e-002	5.064745e+000
6.809104862251628e-002	5.064732e+000
6.818870487251627e-002	5.064710e+000
6.828636112251627e-002	5.064697e+000
6.838401737251626e-002	5.064675e+000
6.848167362251625e-002	5.064662e+000
6.857932987251625e-002	5.064640e+000
6.877464237251624e-002	5.064605e+000
6.896995487251623e-002	5.064570e+000
6.916526737251622e-002	5.064535e+000
6.945823612251620e-002	5.064487e+000
6.975120487251618e-002	5.064431e+000
7.004417362251617e-002	5.064382e+000
7.033714237251615e-002	5.064326e+000
7.043479862251614e-002	5.064312e+000
7.053245487251614e-002	5.064291e+000
7.063011112251613e-002	5.064278e+000
7.072776737251613e-002	5.064257e+000
7.082542362251612e-002	5.064249e+000
7.092307987251612e-002	5.064233e+000
7.102073612251611e-002	5.064220e+000
7.111839237251610e-002	5.064199e+000
7.121604862251610e-002	5.064186e+000
7.131370487251609e-002	5.064164e+000
7.160667362251608e-002	5.064116e+000
7.189964237251606e-002	5.064059e+000
7.219261112251604e-002	5.064011e+000
7.248557987251603e-002	5.063955e+000
7.277854862251601e-002	5.063906e+000
7.307151737251599e-002	5.063850e+000
7.336448612251598e-002	5.063802e+000
7.365745487251596e-002	5.063745e+000
7.395042362251594e-002	5.063697e+000
7.424339237251593e-002	5.063641e+000
7.453636112251591e-002	5.063592e+000
7.482932987251589e-002	5.063536e+000
7.512229862251588e-002	5.063488e+000
7.541526737251586e-002	5.063432e+000
7.570823612251584e-002	5.063383e+000
7.600120487251583e-002	5.063327e+000
7.629417362251581e-002	5.063279e+000
7.658714237251579e-002	5.063222e+000
7.688011112251578e-002	5.063174e+000
7.717307987251576e-002	5.063118e+000
7.746604862251574e-002	5.063070e+000
7.775901737251573e-002	5.063014e+000
7.805198612251571e-002	5.062965e+000
7.834495487251569e-002	5.062909e+000
7.854026737251568e-002	5.062874e+000
7.863792362251568e-002	5.062861e+000
7.873557987251567e-002	5.062839e+000
7.878338865311899e-002	5.062835e+000
7.881409292659207e-002	5.062826e+000
7.882441104222382e-002	5.062830e+000
7.883156361515023e-002	5.062827e+000
7.883813843946118e-002	5.062833e+000
7.884496162955709e-002	5.062835e+000
7.885282894886873e-002	5.062851e+000
7.886448068095085e-002	5.062884e+000
7.887469210488553e-002	5.062943e+000
7.888690136406409e-002	5.063030e+000
7.889962792696328e-002	5.063156e+000
7.891884230636240e-002	5.063369e+000
7.894144495802863e-002	5.063655e+000
7.896581243004290e-002	5.063960e+000
7.899295428947616e-002	5.064290e+000
7.902625631613272e-002	5.064644e+000
7.911380630332164e-002	5.065321e+000
7.917483758431236e-002	5.065575e+000
7.921882663161427e-002	5.065654e+000
7.925141531179024e-002	5.065683e+000
7.928758198359227e-002	5.065686e+000
7.930766981783838e-002	5.065689e+000
7.932802582650346e-002	5.065682e+000
7.934830465304617e-002	5.065683e+000
7.937049720369598e-002	5.065675e+000
7.939962645586526e-002	5.065674e+000
7.944372865431632e-002	5.065662e+000
7.952836625929059e-002	5.065651e+000
7.962602250929059e-002	5.065629e+000
7.991899125929057e-002	5.065581e+000
8.021196000929055e-002	5.065525e+000
8.050492875929054e-002	5.065476e+000
8.079789750929052e-002	5.065419e+000
8.099321000929051e-002	5.065384e+000
8.118852250929050e-002	5.065350e+000
8.138383500929049e-002	5.065314e+000
8.148149125929048e-002	5.065301e+000
8.157914750929048e-002	5.065279e+000
8.167680375929047e-002	5.065266e+000
8.177446000929046e-002	5.065245e+000
8.187211625929046e-002	5.065231e+000
8.196977250929045e-002	5.065209e+000
8.206742875929045e-002	5.065196e+000
8.216508500929044e-002	5.065175e+000
8.226274125929044e-002	5.065161e+000
8.236039750929043e-002	5.065140e+000
8.245805375929043e-002	5.065126e+000
8.255571000929042e-002	5.065104e+000
8.265336625929041e-002	5.065091e+000
8.275102250929041e-002	5.065070e+000
8.284867875929040e-002	5.065056e+000
8.294633500929040e-002	5.065035e+000
8.304399125929039e-002	5.065022e+000
8.314164750929039e-002	5.065000e+000
8.323930375929038e-002	5.064986e+000
8.333696000929038e-002	5.064965e+000
8.343461625929037e-002	5.064951e+000
8.353227250929037e-002	5.064930e+000
8.362992875929036e-002	5.064917e+000
8.372758500929035e-002	5.064895e+000
8.382524125929035e-002	5.064881e+000
8.392289750929034e-002	5.064860e+000
8.402055375929034e-002	5.064847e+000
8.411821000929033e-002	5.064825e+000
8.421586625929033e-002	5.064812e+000
8.431352250929032e-002	5.064790e+000
8.441117875929032e-002	5.064777e+000
8.450883500929031e-002	5.064755e+000
8.460649125929030e-002	5.064742e+000
8.470414750929030e-002	5.064720e+000
8.480180375929029e-002	5.064707e+000
8.489946000929029e-002	5.064685e+000
8.499711625929028e-002	5.064672e+000
8.509477250929028e-002	5.064651e+000
8.519242875929027e-002	5.064637e+000
8.529008500929027e-002	5.064615e+000
8.548539750929025e-002	5.064580e+000
8.568071000929024e-002	5.064546e+000
8.587602250929023e-002	5.064511e+000
8.616899125929022e-002	5.064462e+000
8.646196000929020e-002	5.064406e+000
8.675492875929018e-002	5.064358e+000
8.704789750929017e-002	5.064301e+000
8.714555375929016e-002	5.064288e+000
8.724321000929015e-002	5.064266e+000
8.734086625929015e-002	5.064253e+000
8.743852250929014e-002	5.064235e+000
8.753617875929014e-002	5.064229e+000
8.763383500929013e-002	5.064211e+000
8.773149125929013e-002	5.064198e+000
8.782914750929012e-002	5.064177e+000
8.792680375929012e-002	5.064163e+000
8.802446000929011e-002	5.064142e+000
8.831742875929009e-002	5.064094e+000
8.861039750929008e-002	5.064037e+000
8.890336625929006e-002	5.063989e+000
8.919633500929004e-002	5.063932e+000
8.948930375929003e-002	5.063884e+000
8.978227250929001e-002	5.063828e+000
9.007524125928999e-002	5.063779e+000
9.036821000928998e-002	5.063723e+000
9.066117875928996e-002	5.063675e+000
9.095414750928994e-002	5.063618e+000
9.124711625928993e-002	5.063570e+000
9.154008500928991e-002	5.063514e+000
9.183305375928989e-002	5.063466e+000
9.212602250928988e-002	5.063409e+000
9.241899125928986e-002	5.063361e+000
9.271196000928984e-002	5.063305e+000
9.300492875928983e-002	5.063256e+000
9.329789750928981e-002	5.063200e+000
9.359086625928979e-002	5.063152e+000
9.388383500928978e-002	5.063096e+000
9.417680375928976e-002	5.063047e+000
9.446977250928974e-002	5.062991e+000
9.476274125928973e-002	5.062943e+000
9.505571000928971e-002	5.062887e+000
9.515336625928970e-002	5.062873e+000
9.525102250928970e-002	5.062852e+000
9.534867875928969e-002	5.062839e+000
9.544633500928969e-002	5.062817e+000
9.547972433310978e-002	5.062816e+000
9.549768104308416e-002	5.062813e+000
9.550563826429029e-002	5.062820e+000
9.551439811979853e-002	5.062824e+000
9.552239989195704e-002	5.062844e+000
9.553510750755880e-002	5.062889e+000
9.554635164394022e-002	5.062962e+000
9.555826607413058e-002	5.063056e+000
9.557277408572150e-002	5.063210e+000
9.559679730063439e-002	5.063491e+000
9.561796047196361e-002	5.063764e+000
9.564250612182376e-002	5.064067e+000
9.567016883300200e-002	5.064393e+000
9.570672459521941e-002	5.064760e+000
9.574636621853822e-002	5.065092e+000
9.580286232378188e-002	5.065416e+000
9.585476907473740e-002	5.065590e+000
9.589736050162634e-002	5.065649e+000
9.593233259162835e-002	5.065671e+000
9.596719831952125e-002	5.065669e+000
9.598771390506580e-002	5.065670e+000
9.600896625615754e-002	5.065663e+000
9.603072718253805e-002	5.065663e+000
9.605801199117725e-002	5.065655e+000
9.609803664743803e-002	5.065651e+000
9.617050381387643e-002	5.065635e+000
9.626816006387642e-002	5.065621e+000
9.656112881387641e-002	5.065565e+000
9.685409756387639e-002	5.065516e+000
9.714706631387637e-002	5.065460e+000
9.744003506387636e-002	5.065411e+000
9.763534756387635e-002	5.065376e+000
9.783066006387634e-002	5.065341e+000
9.802597256387632e-002	5.065306e+000
9.812362881387632e-002	5.065285e+000
9.822128506387631e-002	5.065271e+000
9.831894131387631e-002	5.065250e+000
9.841659756387630e-002	5.065236e+000
9.851425381387630e-002	5.065215e+000
9.861191006387629e-002	5.065201e+000
9.870956631387629e-002	5.065180e+000
9.880722256387628e-002	5.065166e+000
9.890487881387627e-002	5.065145e+000
9.900253506387627e-002	5.065131e+000
9.910019131387626e-002	5.065110e+000
9.919784756387626e-002	5.065096e+000
9.929550381387625e-002	5.065075e+000
9.939316006387625e-002	5.065062e+000
9.949081631387624e-002	5.065040e+000
9.958847256387624e-002	5.065027e+000
9.968612881387623e-002	5.065005e+000
9.978378506387622e-002	5.064991e+000
9.988144131387622e-002	5.064970e+000
9.997909756387621e-002	5.064957e+000
1.000000000000000e-001	5.064949e+000
